#: table_doi: 10.17182/hepdata.96601.v1/t5
#: name: Table 11
#: description: Transverse energy in Au+Au collisions at $\sqrt{s_{NN}}$ = 62.4 GeV
# centrality    centrality LOW  centrality HIGH $dE_{T}/d\eta$  sys +   sys -
2.5     0       5       389.7   23.5    -23.5
7.5     5       10      320.5   19.3    -19.3
12.5    10      15      260.6   15.7    -15.7
17.5    15      20      212.1   12.8    -12.8
22.5    20      25      171.9   10.4    -10.4
27.5    25      30      138.6   8.36    -8.36
32.5    30      35      110.4   6.67    -6.67
37.5    35      40      86.9    5.25    -5.25
42.5    40      45      67.3    4.08    -4.08
47.5    45      50      51.2    3.12    -3.12
52.5    50      55      38.4    2.33    -2.33
57.5    55      60      28.5    1.72    -1.72
