# Version 1.0
# Parameter norm_62d4 norm_200 norm_2760 nucleon_width fluctuation
   1.0000000000   11.3232323232   16.0000000000    0.9121212121    0.3969696970
   1.1111111111   12.2424242424   16.1212121212    0.6151515152    2.0303030303
   1.2222222222    3.0505050505   15.3939393939    0.7742424242    4.3565656566
   1.3333333333   10.0101010101   13.0909090909    1.0181818182    4.0101010101
   1.4444444444    3.8383838384   12.1212121212    1.3469696970    2.6242424242
   1.5555555556    5.8080808081   17.0909090909    0.9333333333    2.2777777778
   1.6666666667    5.2828282828   10.9090909091    0.4560606061    1.0404040404
   1.7777777778    8.8282828283   12.6060606061    1.1666666667    1.6838383838
   1.8888888889   11.0606060606   19.2727272727    1.0500000000    2.1787878788
   2.0000000000    4.4949494949   10.3030303030    0.9227272727    4.2080808081
   2.1111111111   13.0303030303   11.0303030303    0.6045454545    1.2383838384
   2.2222222222   13.5555555556    8.3636363636    0.8803030303    3.2181818182
   2.3333333333    8.4343434343   14.3030303030    0.5409090909    3.7626262626
   2.4444444444    6.2020202020   19.3939393939    0.4772727273    1.4858585859
   2.5555555556    7.9090909091    9.4545454545    0.6787878788    2.6737373737
   2.6666666667    4.7575757576   17.5757575758    1.1348484848    0.5454545455
   2.7777777778   13.1616161616   16.9696969697    0.4136363636    4.4060606061
   2.8888888889    8.1717171717   19.6363636364    0.6681818182    3.4656565657
   3.0000000000    2.5252525253   12.2424242424    0.6363636364    2.7232323232
   3.1111111111   13.2929292929   16.4848484848    1.2621212121    3.6141414141
   3.2222222222    7.2525252525   14.9090909091    0.6469696970    0.8424242424
   3.3333333333   14.4747474747   18.1818181818    0.8590909091    4.1585858586
   3.4444444444   11.1919191919   10.6666666667    0.7530303030    5.0000000000
   3.5555555556    5.9393939394   15.6363636364    1.2939393939    4.1090909091
   3.6666666667    6.9898989899    9.8181818182    1.3045454545    4.2575757576
   3.7777777778    9.3535353535   18.6666666667    1.0393939394    4.8515151515
   3.8888888889   14.3434343434    8.9696969697    0.9757575758    0.2979797980
   4.0000000000    8.9595959596   16.7272727273    1.3787878788    1.9808080808
   4.1111111111    2.9191919192   10.5454545455    0.9651515152    0.8919191919
   4.2222222222   14.7373737374   13.9393939394    0.9015151515    1.5848484848
   4.3333333333   10.7979797980    8.2424242424    1.1136363636    1.9313131313
   4.4444444444   13.4242424242   11.7575757576    1.3681818182    3.0202020202
   4.5555555556   12.6363636364   12.9696969697    1.3363636364    0.6444444444
   4.6666666667    2.0000000000   19.7575757576    0.8484848485    3.1191919192
   4.7777777778    2.1313131313   14.5454545455    1.0924242424    2.9707070707
   4.8888888889    7.1212121212    9.2121212121    1.4000000000    0.7434343434
   5.0000000000   12.8989898990   15.0303030303    0.3606060606    1.2878787879
   5.1111111111   14.2121212121   12.7272727273    0.9439393939    3.9111111111
   5.2222222222   10.1414141414   16.2424242424    0.8166666667    2.5252525253
   5.3333333333    9.0909090909   11.5151515152    0.4666666667    0.1000000000
   5.4444444444    6.5959595960    9.6969696970    0.5303030303    4.6040404040
   5.5555555556   10.5353535354   12.0000000000    0.4030303030    2.8222222222
   5.6666666667    5.5454545455   15.2727272727    0.5833333333    4.9505050505
   5.7777777778   10.6666666667   19.1515151515    0.9969696970    0.7929292929
   5.8888888889    3.5757575758    9.0909090909    0.4454545455    2.0797979798
   6.0000000000   14.8686868687    9.9393939394    0.5939393939    3.0696969697
   6.1111111111   11.5858585859    8.0000000000    0.5727272727    1.3373737374
   6.2222222222    5.4141414141   20.0000000000    0.3924242424    3.8616161616
   6.3333333333    8.6969696970   11.6363636364    0.8378787879    1.3868686869
   6.4444444444    6.8585858586   14.0606060606    1.1878787879    0.6939393939
   6.5555555556    3.1818181818   16.6060606061    0.8696969697    1.6343434343
   6.6666666667    6.3333333333   11.2727272727    1.1772727273    2.5747474747
   6.7777777778    4.3636363636   15.8787878788    0.4242424242    2.4757575758
   6.8888888889    6.0707070707   17.4545454545    0.8909090909    3.5646464646
   7.0000000000    9.7474747475   14.4242424242    1.1984848485    3.8121212121
   7.1111111111    4.2323232323   17.2121212121    0.4984848485    0.4959595960
   7.2222222222    6.4646464646   19.0303030303    1.3257575758    2.7727272727
   7.3333333333    9.8787878788    9.3333333333    0.8060606061    3.6636363636
   7.4444444444    9.2222222222   19.5151515152    0.3818181818    1.5353535354
   7.5555555556   12.3737373737   17.3333333333    0.4348484848    3.2676767677
   7.6666666667    5.0202020202   12.8484848485    0.9545454545    4.7525252525
   7.7777777778   10.2727272727    8.1212121212    1.3151515152    3.7131313131
   7.8888888889   11.9797979798   19.8787878788    1.2090909091    3.1686868687
   8.0000000000   14.0808080808   13.3333333333    1.2833333333    4.9010101010
   8.1111111111   12.1111111111   15.5151515152    1.3575757576    1.8323232323
   8.2222222222    2.7878787879    8.8484848485    1.2727272727    3.5151515152
   8.3333333333    2.2626262626   17.8181818182    1.1030303030    4.7030303030
   8.4444444444   13.9494949495   13.8181818182    0.9863636364    0.2484848485
   8.5555555556    3.9696969697   13.6969696970    1.3893939394    4.0595959596
   8.6666666667    4.6262626263   11.1515151515    0.6257575758    0.1989898990
   8.7777777778   14.6060606061   16.8484848485    0.5621212121    1.0898989899
   8.8888888889   12.7676767677    9.5757575758    1.1560606061    1.8818181818
   9.0000000000   11.4545454545   13.5757575758    0.6575757576    4.8020202020
   9.1111111111   12.5050505051   13.2121212121    0.7954545455    2.2282828283
   9.2222222222    4.1010101010   11.8787878788    0.7106060606    2.8717171717
   9.3333333333    5.6767676768   12.4848484848    0.3712121212    4.5050505051
   9.4444444444    7.7777777778    8.4848484848    0.5090909091    1.7828282828
   9.5555555556   10.9292929293   18.7878787879    0.7848484848    4.5545454545
   9.6666666667    7.5151515152   18.0606060606    1.2409090909    0.5949494949
   9.7777777778    3.7070707071   10.7878787879    1.2303030303    0.9909090909
   9.8888888889    4.8888888889    8.6060606061    0.7318181818    4.6535353535
  10.0000000000    8.5656565657   18.3030303030    0.7636363636    0.3474747475
  10.1111111111    2.6565656566   14.6666666667    1.1242424242    2.3767676768
  10.2222222222   11.7171717172   10.0606060606    0.6893939394    0.4464646465
  10.3333333333   10.4040404040   18.4242424242    0.7424242424    2.4262626263
  10.4444444444   13.8181818182   15.7575757576    1.0606060606    3.4161616162
  10.5555555556    3.4444444444   17.9393939394    0.5196969697    3.9606060606
  10.6666666667    2.3939393939   18.9090909091    1.0818181818    0.9414141414
  10.7777777778    9.4848484848   14.1818181818    0.4878787879    1.1888888889
  10.8888888889    7.3838383838    8.7272727273    1.0712121212    2.3272727273
  11.0000000000   11.8484848485   10.4242424242    1.0075757576    4.3070707071
  11.1111111111    8.3030303030   13.4545454545    1.2515151515    2.1292929293
  11.2222222222    9.6161616162   11.3939393939    0.5515151515    3.3171717172
  11.3333333333    5.1515151515   17.6969696970    0.3500000000    1.7333333333
  11.4444444444    7.6464646465   16.3636363636    1.2196969697    4.4555555556
  11.5555555556   13.6868686869   18.5454545455    1.1454545455    1.4363636364
  11.6666666667    3.3131313131   14.7878787879    0.7212121212    1.1393939394
  11.7777777778    8.0404040404   12.3636363636    1.0287878788    0.1494949495
  11.8888888889   15.0000000000   10.1818181818    0.7000000000    2.9212121212
  12.0000000000    6.7272727273   15.1515151515    0.8272727273    3.3666666667
